global ln
global T_BackFront_mount
global yoffset
global xoffset
global zoffset
global PosRef3DInstrumentedVariables
yoffset=0;
xoffset=0;
zoffset=0;
% global ln
ln= 68.6308+65.19+161.86+18.00+14.91; % (26 July 2010)
T_BackFront_mount = [ %July 22, 2010
    0.9996514523262   0.0239862420680  -0.0110287829636   -2.6398505898723
    -0.0238096717995   0.9995905085098   0.0158718249104  -45.1866546135221
    0.0114049722052  -0.0156037011200   0.9998132081146  197.5288079400060
    0                 0                 0                  1];